Id,question,interview_answer,clarity_label,Predicted,question_words,answer_words,combined_words,correct
0,Where did the funds go?,The important issue is our future agenda.,Clear Non-Reply,Ambivalent,5,7,12,False
1,Will you sign the bill?,"Yes, I will sign it tomorrow.",Clear Reply,Ambivalent,5,6,11,False
